trained_at: 2026-01-26T11:07:40.048305Z
accuracy: 0.97847533632287
